0.3623055336744423
1.285414058898719
1.379324408935416
1.246770150509475
1.31819368628507
1.360538314486347
1.296437044486251
1.338317775938823
1.279338292779974
1.342612568876009
1.376586842758509
1.336385789569529
1.260780721493859
1.364304983120588
1.32244239247334
1.443040447173568
1.343177544859268
1.298721466596947
1.335051510761276
1.268880486629502
1.335213463414741
1.271478855797786
1.383722749320324
1.285184740038105
1.257769801923573
1.375354153287818
1.384155772929111
1.298565388123179
1.291995189679663
1.331691325019879
1.366464872191115
1.379896067318004
1.280111222068869
1.333643725788971
1.378666056079161
1.306327499059734
1.347791017608215
1.324172994599592
1.25953952113708
1.303140342294423
1.381926245730056
1.38846632188633
1.373472717056177
1.33612760871477
1.318372500785937
1.317265365576687
1.326032952981978
1.302820270687445
1.349959645283628
1.275466161407362
1.300197715603861
1.456942788286278
1.320575584293702
1.421295858621481
1.387063919845457
1.332966131098851
1.334101228166211
1.288899834900042
1.294391510153903
1.340100747812601
1.31001057259936
1.319938413631428
1.278962676008525
1.375125487189046
1.318976392347818
1.330739425325771
1.28396815537374
1.438551658757794
1.331395499315801
1.334567873610671
1.364040477865271
1.321738090814198
1.364121053177838
1.356110577947744
1.331485676627868
1.312347040576412
1.365597087136585
1.299667555566485
1.34945921901988
1.3985726389101
1.378319146766677
1.346845950783597
1.363178861932719
1.294634809044011
1.326367464504868
1.367260528304032
1.372745244597082
1.299771837692755
1.352436166319134
1.402798810933354
1.306646606710218
1.341490916422752
1.397510601394732
1.292081342927072
1.348581308669702
1.285914138687317
1.319877970366751
1.336462439458665
1.323380133481531
1.338527161520482
1.32129821603824
1.267542987191292
1.401112426717839
1.291359790368249
1.331173555023513
1.332414320713569
1.355740369113716
1.421413403795584
1.310173546117744
1.358513733105551
1.335416292387493
1.364265036043051
1.427878970269162
1.299199705339496
1.293982010582061
1.377727950770635
1.33094530038981
1.293496903778483
1.371382990448124
1.35427721900783
1.309732415431368
1.347213717446329
1.358640052858587
1.398117836604981
1.346957034197106
1.320768282525978
1.314367553468236
1.395033453226721
1.290503100099436
1.352316263925521
1.314418146163784
1.309289910453926
1.280013667091037
1.379716972376598
1.283306078870588
1.395766187477207
1.341258877580876
1.311299920338895
1.313317984749658
1.324706134344036
1.326913771837348
1.308322978167314
1.269972554519949
1.374892000466439
1.319874072027563
1.294070646576626
1.27163572330919
1.358917357226995
1.364906333425889
1.342054504540752
1.31135730157642
1.375529194664443
1.386971877772446
1.313528802041418
1.304687919984557
1.327646042066359
1.249382802289023
1.362859409155468
1.276050136493812
1.334633043906711
1.414741161544957
1.327792197906614
1.310073335557604
1.321012185590496
1.411513335664435
1.401888098370727
1.375149856060341
1.236953036632636
1.273157975907862
1.385297838204761
1.274372133173315
1.233100961236328
1.394138167515836
1.376510316079887
1.351803547342033
1.331750509749242
1.342350540770942
1.262564592111156
1.358404621157136
1.342778872251779
1.313433561272688
1.357935978913163
1.385369423533565
1.368536200041067
1.339048718275785
1.324467407803214
1.222569616238853
1.361814273123494
1.394515909599751
1.376765694179144
1.364468393862603
1.306205785051263
1.326403249936877
1.295600887150336
1.336200717221039
1.221315664376578
1.348226822875415
1.36566026355839
1.285792401278073
1.403757095581387
1.270607940737224
1.390966630373907
1.356981605743853
1.363510469720876
1.30170926838525
1.326697365055488
1.401507518058854
1.367690851265272
1.245208257355131
1.324960033772121
1.293230381302199
1.359015499953996
1.430571684219953
1.317768915535704
1.345528001077804
1.240625563986627
1.378255037579779
1.377085459069429
1.347257131499456
1.384871228805794
1.297850205118941
1.363494024630522
1.421736405581203
1.335715798385308
1.2919890983855
1.314702610113136
1.340187205120484
1.330480512054308
1.432673687651524
1.430131492027524
1.299630179356364
1.337142852046472
1.275124682002306
1.356160915663427
1.338097310284714
1.273068600928466
1.278526391722349
1.370326545085694
1.306461766573312
1.236578914771728
1.352117462478915
1.380819417211315
1.336380597993094
1.328289380860818
1.385521427169646
1.36842553804988
1.347557496910003
1.327835993926118
1.30591069255963
1.382275375935387
1.263888236379114
1.38597744452899
1.241311693466625
1.318487938524425
1.281876162315832
1.441858276236432
1.258114604376367
1.305515893370253
1.397758915901123
1.376152685260616
1.307467578358803
1.382717561381464
1.352806091909994
1.279792014537313
1.337204917453833
1.358313153183577
1.327113224875607
1.280303078983968
1.333358988162508
1.31076143384244
1.362172924794577
1.395365551458074
1.321241397229113
1.259156844881223
1.267584638412872
1.339017464200627
1.306851490756661
1.358460285907698
1.324562553646671
1.352959827300566
1.367093422836366
1.337491006795036
1.327351996986654
1.42755078024102
1.316963525428953
1.290428196689233
1.336163299818943
1.38786095070159
1.360284311123639
1.336088132047424
1.318771861507406
1.349648260094258
1.301230239154863
1.38425507391455
1.339321794529017
1.437887032182048
1.354140197644795
1.325173107126615
1.237606068391929
1.399734077833043
1.368518193598082
1.436095097679736
1.367177067051824
1.353968853572216
1.359915503668867
1.267215056837839
1.387420144194366
1.384843518767094
1.340546828039585
1.431163151863844
1.375272894118116
1.392610430270101
1.323242091618084
1.332551468047565
1.298389955374493
1.363925620823642
1.347542026799536
1.340246503802198
1.349751298079086
1.291739073343338
1.361561158237906
1.31043125818016
1.338994810333595
1.285488705617914
1.353946709042894
1.415733401924474
1.375688833509668
1.324661230791605
1.349848254492598
1.285580348613705
1.371656093157396
1.338479549840121
1.331572446456083
1.343219647304268
1.398354525444734
1.366952539756066
1.298661726824337
1.26932624227127
1.34218923504166
1.390784250631546
1.327346125152315
1.279873051378438
1.292871451026294
1.331163591685598
1.323012530547962
1.306633026657499
1.350822126927921
1.400536552336003
1.373840991191658
1.393178252037302
1.35571717580587
1.402677711414089
1.302385227324723
1.316046189493201
1.270890067614493
1.325187591229556
1.342059298198514
1.3523699359825
1.402359162699325
1.323166644433623
1.331811078307131
1.280233763367127
1.436062782432871
1.398595601809175
1.256921238894334
1.386269021234744
1.256094957851232
1.358280889361968
1.27784734990111
1.247544909432627
1.320338110763055
1.276248266627678
1.227767273073713
1.296247644953684
1.389588262224597
1.359379260072073
1.264098538666108
1.340772181511203
1.305452408354632
1.348621804340637
1.290606851804089
1.333666912490109
1.352405211154852
1.312041642543914
1.361495754853855
1.269775828375624
1.403585205970853
1.314533885680804
1.373517271951853
1.352003776556262
1.339018748176092
1.369710739723638
1.392061018681914
1.321912280898688
1.360187883412887
1.365455318294277
1.301296789813685
1.353161358506616
1.378737951112633
1.379641882691812
1.28808484785981
1.361667373567966
1.396965914257605
1.350312540038422
1.310421028547844
1.38219306646766
1.302210213104027
1.322687660904152
1.355784504515437
1.394355600179936
1.354298255502809
1.260907328794889
1.306311445698014
1.332521565119384
1.368169938016281
1.335126856660232
1.330836870466906
1.395132717576326
1.418502905118382
1.325233417305271
1.309001432503812
1.426028830224
1.307382290748951
1.371842919344885
1.311648550683995
1.329684062259851
1.341877464154581
1.327253539922473
1.30318538198081
1.394980406510168
1.336206621196729
1.342560426330705
1.292186667908351
1.389385322791347
1.328720606264134
1.39987610610263
1.331493905462808
1.339198833564132
1.342841969680896
1.310338633537086
1.375921187161113
1.338316619616638
1.327652463420626
1.48728733390496
1.299650200737886
1.352554051510555
1.379079922565915
1.361928396141358
1.341752097552659
1.408519461654916
1.285303489494815
1.40337970246578
1.295590969611023
1.337783352176882
1.425133818950453
1.261241128560631
1.354951898755812
1.273520234666042
1.335747521994522
1.348151491035902
1.304109273476597
1.378414992191035
1.280085642258256
1.336196913301608
1.337883708681464
1.386836583373959
1.329286765958742
1.352624224506683
1.347517766539835
1.349933225730206
1.332805871819403
1.352130868462263
1.386447162376646
1.276547963649029
1.341797265524076
1.339732614269257
1.315343199575302
1.349160052912239
1.267613042880707
1.294242862298392
1.225949966577264
1.257986276609356
1.320392510817778
1.348131987466118
1.398416680108891
1.360132651824701
1.265450774151066
1.333090757790608
1.304842308790822
1.353188547939491
1.376365296945503
1.367273322068036
1.256732653398025
1.408879197835224
1.349853446755336
1.343948583653735
1.393962107071705
1.263878915821983
1.316586075537142
1.390526945077557
1.362114119888586
1.341199386484398
1.363210503294884
1.444623445737278
1.364879266838927
1.316608013925789
1.245162102266239
1.372264971845309
1.282594143297197
1.315875651640948
1.278567577606674
1.301159160274568
1.323123874796945
1.39918047232958
1.342037601383457
1.377966046490578
1.368856832173228
1.314821280832339
1.381475487535038
1.367085726928178
1.450095983189665
1.234141246583947
1.330152949303678
1.37094495462535
1.409963059104034
1.332943513715247
1.298611587524631
1.280251978950085
1.374680154187507
1.348895298230514
1.31453213041779
1.301593464802049
1.372840756300269
1.316934680504958
1.361190435878829
1.333933374901813
1.385340783119465
1.275017648409785
1.329693678696633
1.336752705738945
1.230352630330999
1.384120729160144
1.306739980966247
1.349915100868343
1.351351126254519
1.330778062743416
1.307776413601869
1.413192219987866
1.280759525529244
1.321732036890914
1.360045524915932
1.405161085812791
1.258699709016436
1.303556559373614
1.3437391654669
1.378728925259382
1.338550510567693
1.244850595035876
1.354850296738699
1.421735137271899
1.324319209977058
1.348259879570608
1.338841508234896
1.298964166525641
1.304520948658322
1.346095452661212
1.288257606629241
1.358190258183322
1.309700262829938
1.29796174974229
1.347935627589679
1.29675053211745
1.280964339034187
1.318220411351954
1.340192047053427
1.362570617701522
1.32773792836713
1.385076759172143
1.312416248650364
1.278423503678111
1.365432387802757
1.351641496076445
1.248334410977903
1.255015078922283
1.351488790530492
1.325198182967765
1.277906036641455
1.259735528456197
1.343188260924686
1.329013934221785
1.412888409236944
1.365395102953897
1.380651377929469
1.386421967689568
1.223633799188592
1.378798431912784
1.35536900206037
1.340701251230242
1.404238762207169
1.350720329082267
1.384016355286901
1.342043613658928
1.345868674044193
1.353595272708351
1.330417222985591
1.388085394792552
1.314509667795702
1.361841913273854
1.399453350761047
1.330775484425754
1.338646399651814
1.404184586730004
1.408107476673159
1.319699786331896
1.332361020897186
1.29064225456752
1.301523203809619
1.347141302184365
1.317624389792029
1.367309009530463
1.374513592218735
1.375386474501647
1.298496878220796
1.347933207817456
1.333637173703834
1.31936823156381
1.31601162984086
1.3732406732506
1.416080254714043
1.309368269584949
1.305109825545451
1.349839453757556
1.298342726744469
1.337877004837438
1.408020651413243
1.363142710584567
1.346409534886381
1.225010995129558
1.29309441034826
1.366340218343824
1.401495924406913
1.210066080493468
1.355574722981324
1.338572239971587
1.345165537735697
1.360140027998813
1.359196067281881
1.355485031668862
1.377400243046761
1.42591283356129
1.353978163095787
1.371744488856283
1.381339564318309
1.330195052273365
1.323054734789765
1.390636633118748
1.307994135388449
1.321717373929224
1.361779094735261
1.321741242858053
1.383008035785714
1.377041485543734
1.36380897240844
1.32625820187785
1.326585789149129
1.421785119924438
1.252663828058559
1.404535294446355
1.317590233268251
1.361634017891845
1.374839606205642
1.391021838591495
1.328612070744023
1.327999453169715
1.281857747231248
1.33557608904885
1.345163777054294
1.361225871502811
1.413715739989015
1.338226398178484
1.254212108431334
1.31224236074649
1.383250891459304
1.329688144793226
1.284103960045761
1.338150276879159
1.318323218587544
1.345920899580632
1.29324083982572
1.335767903351995
1.445253101466477
1.307118081443581
1.29388482525009
1.337072422603563
1.276025651940528
1.302542622763385
1.259111910383289
1.309121756622701
1.243881488558864
1.32739555849769
1.291153274086258
1.307328203243973
1.263119408197458
1.263249948886693
1.281490443758612
1.341041732309822
1.342850109023306
1.398205460528597
1.323872247182713
1.311561972942702
1.347751720369916
1.352390508563118
1.346208966178574
1.369694630369787
1.369815594036915
1.39859714001349
1.374507180741239
1.233909987891323
1.330482141696586
1.331114859408264
1.346119200663032
1.349798867342203
1.349375302613406
1.371099716755314
1.369987548231314
1.291322662428111
1.263661321457696
1.307041421805769
1.411005074637549
1.305847721889155
1.280064813593832
1.349647706602926
1.365897869580964
1.332407829510484
1.290575888667232
1.308526431205983
1.363551690352097
1.320797085821171
1.36861143575953
1.357145399112216
1.271505935054044
1.386042695746086
1.352105334594088
1.392065889568862
1.399868991350706
1.421099125970056
1.34142650621833
1.296904470809152
1.377464420632517
1.274204197382573
1.344431679198498
1.37890599938403
1.271747285999401
1.34061410766208
1.368820775609601
1.353864541581324
1.328196702847431
1.326715270583348
1.289780966252236
1.361011487805707
1.34519760581013
1.271368921305252
1.352131455001635
1.327264198692534
1.346342343378178
1.372301272543023
1.358599142184321
1.35441100068031
1.321062291008256
1.401368849914269
1.367495500653806
1.377131319028805
1.337519122718764
1.42167283117051
1.284494858226142
1.27590572834613
1.25490700395506
1.283595400796488
1.358652566563981
1.334599484358078
1.265325393225654
1.265998758126629
1.321383426197051
1.399764462580106
1.428109435698317
1.350797587054559
1.380569099864508
1.354700157667925
1.436139022930125
1.244722282054499
1.38468813085503
1.2782729540509
1.342022259178441
1.290328328097572
1.429404013281578
1.319631553268803
1.349967281663625
1.241262336827558
1.317822017544383
1.355978766912653
1.338526145431971
1.364049071141467
1.312393406867679
1.381334047673805
1.334262127754505
1.271357821697128
1.361193481432242
1.306176854384572
1.262379496977702
1.418160824402198
1.402490002294687
1.297456491094096
1.326992043162859
1.327432245676671
1.300687883416377
1.293803741912402
1.381296693780528
1.28646830163858
1.338668914389883
1.347828589898522
1.278543342477507
1.28264247644499
1.361216704923788
1.32536454166687
1.37536720425031
1.278606278534491
1.383223137532348
1.359056166699549
1.331110147871448
1.393869202682218
1.22947836561816
1.37697706166351
1.329407008598513
1.362928843260415
1.352624613898624
1.328384409491656
1.241402452937789
1.310482072311804
1.30467414278679
1.303889241232413
1.30308867247397
1.360521702701256
1.313267397130954
1.298924532761242
1.361563730844613
1.287776719741504
1.328959207548174
1.254278723529403
1.326779738495167
1.314739304645135
1.3547660348873
1.386561778361566
1.348267395780047
1.331305094340885
1.309635212085191
1.377141553230962
1.349798056733442
1.367164387871364
1.274789569432881
1.349138071227013
1.37740306463671
1.363017676036896
1.306437038680488
1.31848175295623
1.421899253599134
1.370597877202563
1.303061953086198
1.329861089634354
1.315807196823696
1.398567835663711
1.409147199093059
1.314629599936389
1.454325235808492
1.307644424817434
1.298586723149022
1.337548095444901
1.37927988958666
1.321832946116749
1.342410085582765
1.369051576115863
1.389375674476284
1.387335507650624
1.30360307294403
1.373018138244481
1.368289902166268
1.356485627103129
1.331981907857262
1.390970673673495
1.342470631778722
1.338003359493905
1.424800073696858
1.339912977107947
1.323045787462813
1.29480037686455
1.389795218766512
1.275568728516746
1.301859009626013
1.293858148915797
1.358449812970651
1.405461027907729
1.301119405908912
1.417483502920026
1.322812462099081
1.287267968894702
1.302896569671891
1.376531267679343
1.380077206472757
1.354293637438466
1.329198807603552
1.315722734370653
1.323074392738789
1.327631420932451
1.383486808206483
1.320387963521162
1.368413294560629
1.417450005982839
1.413699840588034
1.319015468821455
1.359839560758167
1.323002748603441
1.35345144155981
1.367430652790922
1.433895258444731
1.382815101730963
1.349299376742707
1.354874798741485
1.298901120284805
1.385792271294784
1.422821460827332
1.348632255097385
1.342797010667794
1.413381665637548
1.402054551983394
1.351706801268328
1.298061557033638
1.37634076991026
1.406161211884444
1.361233076498442
1.288008833010011
1.351398140073623
1.296616193642289
1.397333788993231
1.335222358762689
1.299611369750534
1.295320678457992
1.410750080399211
1.401353368188043
1.283169978382615
1.359999844027586
1.34192880945116
1.26904520151709
1.373559219051624
1.289601471787629
1.378185892932752
1.36268606349868
1.301087114002307
1.396245478615902
1.382432140414769
1.325189550801255
1.344938857637096
1.357171316859326
1.368218011928079
1.366120189671183
1.351580142299046
1.364808905878439
1.359084616102332
1.241488443488653
1.31899468437518
1.317169631788679
1.305014245381278
1.37918026227885
1.336939894177625
1.385527578008826
1.398007028896417
1.337204670804065
1.276641735557291
1.38526034996903
1.264546249061882
1.350902105394825
1.255012369878874
1.34954155718879
1.317669830922981
1.360715783652892
1.33746692954507
1.381054421969828
1.355206338773165
1.376325843763126
1.328569375430737
1.312625869065132
1.360927419804381
1.40353694125573
1.292086318165864
1.360338510002809
1.327396896543807
1.265767752054323
1.301982525509603
1.296793298103719
1.361094208942141
1.348066634342171
1.347830912681988
